0.9983158578752299,0.0008411589095021299,0.0008429832152682275
0.9933896209121621,0.00329127361161491,0.003319105476223546
0.9855903249177195,0.007136572000526052,0.007273103081754763
0.9755019753675785,0.012041279707416842,0.012456744925004617
0.9638794335390273,0.017576564027101466,0.018544002433871474
0.9515913998930439,0.023257562646646714,0.025151037460309524
0.9395548041332802,0.028585357079445796,0.03185983878727409
0.9286655604879319,0.03309032451723299,0.03824411499483496
0.9197309208944509,0.0363731743105214,0.043895904795028244
0.9134085372274041,0.03814015783316348,0.04845130493943219
0.9101568357449863,0.038229418718367734,0.05161374553664634
0.9102004510216546,0.03662618541922469,0.05317336355912081
0.9135133275820033,0.0334654393551649,0.053021233062831574
0.9198207614608911,0.029021742649783674,0.05115749588932496
0.9286202220738841,0.02368699251832754,0.04769278540778849
0.9392193754034143,0.017937894534780906,0.04284273006180515
0.9507884299312311,0.012295828479423778,0.036915741589345206
0.9624228452236246,0.007282443892658267,0.03029471088371683
0.9732116613228621,0.003374711159445404,0.023413627517692433
0.982306284131286,0.0009632336730480411,0.016730482195665593
0.9889845296451945,0.00031738850998696546,0.010698081844818599
0.9927050904919285,0.00156032448372956,0.00573458502434156
0.9931483143082463,0.004656049815615927,0.0021956358761373064
0.9902402199969502,0.009409851011514413,0.00034992899153463565
0.9841579462807172,0.015482180440428124,0.00035987327885445155
0.9753162312019658,0.022415023176903092,0.0022687456211309995
0.964335955031946,0.029668697136182105,0.005995347831871623
0.9519971340052602,0.03666614264102027,0.011336723353719024
0.939179925966978,0.04284109426079948,0.01797897977222236
0.9267981127593939,0.04768615637448892,0.025515730866116974
0.9157300898073134,0.05079675825187093,0.03347315194081595
0.906752578326002,0.05190725186922764,0.04134016980477005
0.9004820661393571,0.050916016205124995,0.04860191765551776
0.8973283953657618,0.04789729949128536,0.05477430514295197
0.8974639939192581,0.04309859748844533,0.0594374085922957
0.9008110627994039,0.0369235459271664,0.062265391273429636
0.9070476723137834,0.029901503161510915,0.06305082452470592
0.9156322905848276,0.022646116652356746,0.06172159276281545
0.925844875117411,0.015806111397053454,0.05834901348553523
0.9368414081232315,0.01001223019129873,0.05314636168546956
0.9477177431237686,0.0058246346871458216,0.046457622189085716
0.9575779304957568,0.00368510743847917,0.03873696206576344
0.9656018557242891,0.0038780712812356132,0.030520072994474384
0.9711070811008866,0.006503785101642698,0.022389133797469547
0.9736002247687737,0.011466133340458677,0.01493364189076659
0.9728140064872763,0.018476273258817354,0.008709720253905779
0.9687271767563908,0.027072129977104332,0.004200693266504624
0.9615658424922509,0.03665243649586315,0.0017817210118856053
0.9517861100080686,0.04652280907915687,0.0016910809127738296
0.9400393780710575,0.055950326705054315,0.0040102952238875
0.9271229234879409,0.0642223322742442,0.008654744237814085
0.9139195300915873,0.07070475767850806,0.015375712229904595
0.9013307355648832,0.07489523319569114,0.023774031239425442
0.8902087472949981,0.07646658285556152,0.033324669849439714
0.8812921727579389,0.07529700950973524,0.04341081773232502
0.8751504151202858,0.07148428504653748,0.05336529983317635
0.8721409235870534,0.06534250558478925,0.06251657082815708
0.8723825109827497,0.057381351836932826,0.07023613718031704
0.8757467324212799,0.04826920215223715,0.07598406542648259
0.8818679511757571,0.03878276734540096,0.0793492814788414
0.8901713046383908,0.029747044892552164,0.08008165046905623
0.8999164315040281,0.021970232014609528,0.07811333648136162
0.910253633165301,0.01617872078134477,0.07356764605335384
0.9202882074023332,0.012957379535556807,0.06675441306210919
0.9291480811316096,0.012699991090410014,0.05815192777797938
0.9360496270128912,0.015573989709456308,0.048376383277651924
0.9403566938564948,0.02150256804459701,0.038140738098907785
0.9416284014695194,0.030165892240895695,0.02820570628958457
0.9396521068758732,0.04102167060985044,0.019326222514275754
0.9344590754589439,0.05334378509776653,0.012197139443288981
0.9263217018720712,0.06627623681270023,0.007402061315228042
0.9157325220670408,0.07889839420895522,0.005369083724003562
0.9033666337397025,0.09029656839594064,0.006336797864356511
0.8900303938460383,0.09963635543582602,0.010333250718135076
0.8766002941579202,0.10623003246144717,0.01716967338063264
0.8639566513922837,0.10959359154851234,0.02644975705920386
0.8529171321295774,0.10948872569022661,0.03759414218019576
0.8441751361262375,0.10594619358955101,0.04987867028421122
0.8382476851343749,0.09926840201467972,0.06248391285094469
0.8354367371265339,0.09001064902709209,0.07455261384637347
0.8358068235288661,0.07894214465056956,0.08525103182056377
0.8391806675646826,0.06698953651313025,0.09382979592218672
0.8451530792706,0.0551670887558386,0.09967983197356105
0.8531220404737742,0.04449877836964597,0.1023791811565795
0.8623345956177328,0.03593829182259064,0.1017271125596761
0.8719440497809736,0.03029316409021475,0.09776278612881156
0.8810741275081341,0.028159074997722786,0.09076679749414297
0.8888852287730756,0.029869614989150396,0.08124515623777379
0.8946377699923578,0.03546570243281971,0.06989652757482198
0.8977478289861195,0.0446873599317978,0.05756481108208236
0.897830904888211,0.056988848575031906,0.04518024653675632
0.8947305116918391,0.07157634722259623,0.033693141085564066
0.8885294780416829,0.08746558920959328,0.024004932748723423
0.8795431382180897,0.1035552706993053,0.016901591082604372
0.8682949703658608,0.11871075078613312,0.012994278848005572
0.8554765640270674,0.1318516787256075,0.01267175724732445
0.8418949797069093,0.14203678312433118,0.016068237168759342
0.8284115095174892,0.14853917947942796,0.023049311003083005
0.8158764888227613,0.15090619376004347,0.03321731741719485
0.8050650964461747,0.14899881781213245,0.04593608574169237
0.796618994442721,0.14300742652386944,0.06037357903340956
0.7909982050972375,0.13344218425919221,0.07555961064357018
0.7884468378578774,0.12109851285242214,0.09045464928970062
0.7889752225366388,0.10699993603938396,0.10402484142397721
0.7923597579061437,0.09232240441924108,0.11531783767461502
0.7981604416462412,0.07830569974685929,0.12353385860689943
0.8057547103400844,0.06615859751759816,0.12808669214231744
0.8143849880854369,0.05696504311283837,0.12864996880172463
0.8232163121162058,0.05159861794872587,0.12518506993506806
0.8313996510945547,0.05065202931829974,0.11794831958714559
0.8381361127092039,0.05438728582054574,0.10747660147024972
0.842737182765107,0.06271069580051747,0.09455212143437523
0.844676451251854,0.07517496150979902,0.08014858723834718
0.8436289372565619,0.09100857692048339,0.06536248582295456
0.839495073446642,0.1091706296849785,0.051334296868379474
0.8324075795778287,0.12842712023276967,0.039165300189401446
0.8227207540098119,0.14744319870666014,0.02983604728352808
0.8109830437946209,0.16488441918880914,0.024132537016570362
0.7978950166349928,0.17951932608476007,0.022585657280246977
0.7842559564736065,0.19031548653849542,0.025428556987898438
0.7709031559524486,0.19652148792327773,0.03257535612427396
0.7586485196933725,0.19772840678363685,0.04362307352299105
0.7482172822322356,0.19390575582478542,0.057876961942979276
0.7401934701119364,0.1854088189756193,0.07439771091244464
0.7349762133560039,0.1729564491146522,0.09206733752934411
0.7327501780244897,0.15758066489253472,0.10966915708297559
0.7334723128307311,0.14055156898755228,0.12597611818171717
0.7368758612938047,0.12328305077063417,0.13984108793556135
0.7424912811344938,0.107226279417574,0.15028243944793232
0.7496824340016952,0.09375901561590942,0.15655855038239558
0.7576952578982318,0.08407918656573378,0.15822555553603468
0.7657151986340807,0.07911094107094456,0.155173860294975
0.7729290255178594,0.07943053945702346,0.14764043502511748
0.778586338744542,0.08521799605714066,0.13619566519831747
0.7820561145796835,0.09623848418628733,0.12170540123402926
0.7828740254259096,0.11185527632141773,0.10527069825267245
0.7807769844449951,0.13107359391698792,0.08814942163801733
0.7757223435767346,0.15261236438020193,0.07166529204306367
0.767890344492722,0.17499870996581748,0.05711094554146105
0.7576696949162623,0.19667819372226422,0.045652111361474075
0.7456274210379571,0.21613256322967167,0.038240015732372075
0.7324653335709608,0.23199606772734427,0.03553859870169587
0.7189664506814184,0.243161435880441,0.03787211343814143
0.7059354699864403,0.2488672960752692,0.0451972339382912
0.6941378181340812,0.24876015261299397,0.05710202925292556
0.6842418981597941,0.2429259040247624,0.07283219781544412
0.6767688960812879,0.2318881660126441,0.09134293790606902
0.6720539198709704,0.21657317097196738,0.11137290915706323
0.6702213717748112,0.19824356884884567,0.13153505937634422
0.6711763660422775,0.1784058552079,0.15041777874982348
0.6746127818114342,0.15869821651103633,0.16668900167753023
0.6800372783055258,0.14076714841892196,0.1791955732755529
0.6868073925178456,0.12614214569759385,0.1870504617845616
0.6941807795123567,0.11611800381104904,0.18970121667659515
0.7013718222008102,0.11165378719886736,0.18697439060032348
0.7076112933358761,0.11329633762620027,0.17909236903792444
0.7122045376899013,0.12113440147106048,0.1666610608390395
0.7145837720402888,0.1347871786676511,0.1506290492920612
0.714350563541565,0.1534285075951771,0.13222092886325948
0.7113053069646207,0.17584519427872342,0.11284949875665688
0.7054615193641077,0.2005253764177386,0.09401310421815477
0.6970439303747145,0.22577048369948124,0.07718558592580545
0.6864705789430354,0.24982249607198442,0.06370692498498139
0.6743203390751663,0.2709969574134255,0.05468270351140937
0.6612883962575961,0.28781167391587287,0.05089992982653231
0.6481330996327301,0.2991012612918871,0.05276563907538378
0.635618254989675,0.3041086915769521,0.06027305343337442
0.6244552526380208,0.30254666031642785,0.07299808704555315
0.615249418529738,0.2946238270227421,0.09012675444752179
0.6084546383522796,0.28103361075315475,0.11051175089456683
0.6043396597744737,0.26290605157575453,0.13275428864977326
0.6029685777498325,0.24172606370203853,0.15530535854813035
0.6041969211518309,0.21922399254585137,0.17657908630231936
0.6076835692926504,0.19724654689944895,0.19506988380790224
0.6129175248133749,0.17761774069415315,0.2094647344924736
0.6192574463545671,0.16200032232044204,0.21874223132499226
0.6259808852745874,0.15176822292316405,0.22225089180225038
0.6323394476300978,0.14789980777817216,0.21976074459173198
0.6376156695894578,0.15090021702387282,0.21148411338667153
0.6411772830760128,0.16075894146520123,0.19806377545878764
0.6425247658252996,0.17694615350504847,0.18052908066965373
0.6413285982644842,0.1984483983107027,0.16022300342481477
0.637453447217372,0.22384126549829977,0.13870528728432982
0.6309675016377593,0.2513938333862726,0.11763866497597
0.6221363210978386,0.27919722256724,0.09866645633492309
0.6114017367503345,0.305307702832163,0.08329056041750423
0.5993474771550774,0.32789361568202985,0.07275890716289449
0.5866541918368418,0.34537499917797165,0.06797080898518873
0.5740473382666488,0.35654526751591353,0.06940739421744029
0.5622419237999885,0.36066557557193424,0.07709250062807954
0.5518883141894121,0.3575244978789785,0.0905871879316115
0.5435232192685718,0.34745822566840445,0.10901855506302584
0.5375295534200041,0.33132944354744975,0.1311410030325483
0.5341081763201522,0.3104661673038087,0.15542565637604136
0.533263602115049,0.28656487050657803,0.18017152737837525
0.5348046934269968,0.2615649681575396,0.20363033841546616
0.5383602126562401,0.23750395032076949,0.22413583702299267
0.5434079742743841,0.21636399477220603,0.24022803095341258
0.549315314004211,0.19992161367414057,0.250763072321651
0.5553877416613144,0.18961174416248788,0.2550005141762001
0.5609220377579002,0.18641668131682043,0.25266128092528184
0.5652597347466366,0.1907884448535536,0.2439518203998122
0.56783691493214,0.20261069952579236,0.22955238554207028
0.5682265577799142,0.22120339644565307,0.21057004577443522
0.5661702552259468,0.2453700889763095,0.18845965579774596
0.5615969386508494,0.2734846443827834,0.16491841696636986
0.554627261452903,0.30361106606884086,0.1417616724782588
0.5455633796172263,0.3336475904468225,0.12078902993595374
0.5348649852057511,0.3614843237496153,0.1036506910446365
0.5231134894930293,0.3851625857081986,0.09172392479877489
0.5109671445501178,0.40302391757285205,0.08600893787703302
0.49911056723122155,0.41383741320846423,0.08705201956031747
0.48820253739912506,0.4168955967894293,0.0949018658114489
0.47882605310697757,0.4120713860255479,0.10910256086747783
0.47144443238708844,0.3998315753084375,0.12872399230447693
0.46636677053799974,0.3812055330630229,0.15242769639898043
0.46372533145573014,0.3577111873191915,0.17856348122508134
0.4634665285679287,0.3312436178657049,0.20528985356636995
0.4653561066511519,0.30393443575726853,0.23070945759158276
0.4689980504799929,0.2779923922768024,0.25300955724320795
0.4738657028394929,0.2555371447564344,0.27059715240407584
0.4793426522763027,0.23843869870339993,0.28221864902030064
0.4847702197650617,0.22817469417921737,0.28705508605572416
0.4894978879924534,0.22571643022391447,0.28478568178363534
0.49293281295236924,0.23145241518109816,0.27561477186653605
0.49458464907611066,0.24515544747010742,0.260259903453785
0.49410229763957414,0.26599597727163804,0.2399017250887907
0.49129982327857497,0.29260101819725687,0.2160991585241718
0.48616962526092944,0.32315443137527594,0.19067594336379823
0.4788819333426551,0.3555312534588947,0.16558681319845373
0.4697707467557673,0.38745612490999276,0.1427731283342435
0.4593073687128817,0.416673996408579,0.12401863487854307
0.448063628903326,0.44112029564475064,0.11081607545192707
0.43666766151327185,0.4590777043340107,0.10425463415272153
0.42575565802935056,0.46930763389583463,0.10493670807481882
0.4159233015609119,0.47114633226341507,0.11293036617567657
0.4076805921301761,0.46455816931188565,0.12776123855794214
0.40141349169864615,0.45014184091310533,0.1484446673882527
0.39735527664391024,0.4290887634354062,0.17355595992068784
0.3955697267756652,0.40309653646155325,0.20133373676278582
0.395947362992288,0.3742437594379274,0.2298088775697884
0.3982149413241738,0.34483543927670984,0.2569496193991204
0.4019573966798844,0.317230495170514,0.2808121081496057
0.40665048274414733,0.2936642790079041,0.29968523824795246
0.4117015472188881,0.27607947365927166,0.31221897912184454
0.416495274914269,0.26597816852613704,0.3175265565595977
0.4204408703673848,0.26430637950802455,0.3152527501245944
0.4230170629020676,0.2713798897930833,0.3056030473048534
0.4238115055849714,0.2868572149099389,0.28933127950509396
0.422551589357555,0.30976196900891556,0.2676864416335337
0.4191243687913906,0.33855319348023327,0.2423224377283805
0.41358414342736755,0.37123858347142585,0.2151772731012109
0.4061471926142012,0.40552228686794123,0.18833052051786206
0.3971741484720604,0.4389763018522499,0.16384954967569434
0.3871414352888751,0.46922266616244795,0.14363589854868164
0.37660403225343325,0.4941127558912415,0.12928321185532982
0.36615246711019883,0.5118901646832456,0.12195736820655996
0.35636737225296927,0.5213248087447429,0.12230781900229264
0.34777510078559587,0.5218080152338153,0.1304168839805941
0.34080779695414115,0.5134012462179977,0.1457909568278659
0.3357709525874353,0.49683457254943936,0.1673944748631303
0.3328208881277483,0.47345478297321353,0.19372432889904304
0.3319538203476213,0.44512681034463725,0.22291936930774617
0.33300727959607773,0.4140956925991278,0.25289702780479933
0.3356736871391345,0.38281929313952295,0.2815070197213473
0.33952497126232434,0.3537842543865552,0.3066907743511252
0.3440462607099508,0.329318976408903,0.32663476288115084
0.3486760097059989,0.3114176963743842,0.33990629391962174
0.35284943186172946,0.30158896823895776,0.34556159989931756
0.3560418861211426,0.3007400597163504,0.34321805416251233
0.3578088830638635,0.30910612539942917,0.3330849915367121
0.35781966088827516,0.3262296778121234,0.3159506612996065
0.3558817941014574,0.3509921110713802,0.2931260948271673
0.35195500346134767,0.3816951170954608,0.26634987944319677
0.34615317764842607,0.41618606654550017,0.23766075580607907
0.33873452992228753,0.4520180906460726,0.20924737943164498
0.3300807260056073,0.4866329489653242,0.18328632502907366
0.3206666623934803,0.5175530047262951,0.16178033288022967
0.3110232827676207,0.5425678896804565,0.1464088275519283
0.30169634048621313,0.5599017846972683,0.1384018748165244
0.29320430830662747,0.568348648195785,0.13844704349759293
0.28599868137707785,0.5673650903827658,0.1466362282401617
0.28042971415262435,0.5571137422112048,0.16245654363617631
0.27672019358296,0.5384536694274842,0.18482613698956113
0.2749492148651939,0.5128783570554256,0.21217242807938583
0.275047142466102,0.4824057395655434,0.24254711796835976
0.2768020692862744,0.4494283790124435,0.2737695517012877
0.27987719834487923,0.41653492309399687,0.3035878785611295
0.2838377328355603,0.38631617696643933,0.32984609019800626
0.2881851362123317,0.3611703279223041,0.3506445358653702
0.29239606928848594,0.34312197643088366,0.36448195428063596
0.29596296794515986,0.3336686382000618,0.37036839385478376
0.29843311817716345,0.33366636060584137,0.3679005212170008
0.29944322167345394,0.34326319187772975,0.3572935864488219
0.298746812933187,0.36188566874446665,0.339367518322352
0.29623245825472516,0.38827951479063916,0.3154880269546411
0.2919313926093373,0.4206016655753131,0.2874669418153553
0.286014075412075,0.45655686434399456,0.25742906024393614
0.2787760061699664,0.49356869625276706,0.22765529757727251
0.2706139692349021,0.5289723052648326,0.20041372550027156
0.26199460956053733,0.5602143662409879,0.17779102419848056
0.2534178223659511,0.5850452940660157,0.16153688356803916
0.24537782490158722,0.6016892097186363,0.15293296537978263
0.2383249394474606,0.6089788128899534,0.15269624766259196
0.23263104212692018,0.6064449126184044,0.16092404525468154
0.22856132925877518,0.5943537483797345,0.17708492236149623
0.22625454659909983,0.5736891418359696,0.20005631156493647
0.22571315736147712,0.5460806612860821,0.22820618135244683
0.22680414517733447,0.5136830455836778,0.25951280923899406
0.22927031923407276,0.4790158156401346,0.29171386512579883
0.2327511752476025,0.4447750213830436,0.3224738033693603
0.2368116306749254,0.41363120102382767,0.3495571683012531
0.2409763522147012,0.3880287050049955,0.3709949427803096
0.24476697396726446,0.3700014752467467,0.38523155078599525
0.2477392971493422,0.36101917292077756,0.39124152992988653
0.24951758186505751,0.36187530209510277,0.38860711603984616
0.24982328530004502,0.3726258485488,0.3775508661511612
0.2484960486167009,0.39258317603110887,0.35892077535219624
0.24550535083730182,0.4203657788739675,0.33412887028873733
0.24095198330264092,0.4540002910860319,0.30504772561133386
0.23505929507703804,0.49106821372332093,0.27387249119964757
0.2281549556601365,0.5288864414682751,0.242958602871595
0.2206447146800148,0.5647081017202126,0.21464718359977922
0.21298025219990105,0.5959286602514602,0.1910910875486456
0.20562366077181357,0.6202818163049157,0.17409452292327743
0.1990113475062386,0.6360104419472521,0.16497821054651593
0.19352017305601185,0.6419996631174686,0.16448016382652608
0.18943845348656874,0.6378619969733493,0.17269954954008873
0.1869440565722962,0.6239680420311563,0.18908790139655418
0.18609125792778033,0.6014202963943792,0.21248844567784728
0.18680732957064705,0.5719719492769858,0.24122072115237442
0.18889906867677378,0.537896631216982,0.27320430010625074
0.19206869742387553,0.5018188071118412,0.3061124954642902
0.1959378365607757,0.46651747433626606,0.33754468910296503
0.2000776322333397,0.4347178602380421,0.3652045075286249
0.20404264571787678,0.4088867445089414,0.38707060977318847
0.20740583494790377,0.39104679009092264,0.4015473749611803
0.2097918860373835,0.3826238673290437,0.40758424663357934
0.21090629687756293,0.38433890304600127,0.40475480007644277
0.2105579610246049,0.3961524616202589,0.3932895773551432
0.20867352047835835,0.4172663174447683,0.37406016207688036
0.20530240908066655,0.4461820031021984,0.3485155878171418
0.20061224245713655,0.4808120361461193,0.31857572139675117
0.194874967914686,0.5186355614976865,0.2864894705876343
0.1884449091491174,0.556886794939707,0.2546682959111826
0.18173046975464616,0.5927621690839273,0.22550736116143374
0.17516174756281847,0.6236306547388379,0.2012075976983506
0.169156621217816,0.6472314669406154,0.1836119118415754
0.1640879776975171,0.6618442877112489,0.17406773459124134
0.16025464720056057,0.6664191793413359,0.17332617345811094
0.15785830885629146,0.6606563708576663,0.18148532028604966
0.1569881516629857,0.6450298515494578,0.1979819967875638
0.15761445819403122,0.6207529180457091,0.22163262376026682
0.15959157284307418,0.5896881794033558,0.25072024775357715
0.16266997739269862,0.5542087005458862,0.2831213220614221
0.166516482559508,0.51702064398991,0.3164628734505891
0.17074091079760179,0.4809606758172309,0.34829841338517403
0.1749271424014588,0.44878331480653044,0.3762895427920181
0.17866606282622208,0.4229541784445891,0.39837975872919573
0.18158780972706884,0.4054646565136324,0.412947533759306
0.18339078373834022,0.39768195242356713,0.4189272638380997
0.18386515158675562,0.4002457925825368,0.41588905583071467
0.18290901228197798,0.4130196120802696,0.40407137563775947
0.18053598151005434,0.4350999423031834,0.3843640761867695
0.17687362957878916,0.4648833590195673,0.35824301140165055
0.17215293055982112,0.5001860258985551,0.3276610435416312
0.1666895877336098,0.5384069133645667,0.29490349890183065
0.1608587375007774,0.5767224837729915,0.26241877872623814
0.1550650507004653,0.6122982589676792,0.23263669033186277
0.14971060648967827,0.6425014047144785,0.2077879887958508
0.14516308203406342,0.6650983756301049,0.1897385423358395
0.14172676854530986,0.6784227719466066,0.1798504595080912
0.13961869379879394,0.6815007835689767,0.17888052263223655
0.13895172183665538,0.6741247711982741,0.18692350696507765
0.1397259447975244,0.6568694210376276,0.20340463416485544
0.14182902383711926,0.631049217259588,0.22712175890330005
0.14504542797447295,0.5986203816128324,0.2563341904127019
0.14907381730705357,0.5620346013366596,0.2888915813562943
0.15355117570299642,0.5240554912977913,0.3223933329992195
0.15808176819980804,0.48755154123919614,0.3543666905610035
0.16226862144242904,0.4552810729531182,0.3824503056044604
0.16574503098433568,0.4296853411473258,0.4045696278683459
0.16820360214433425,0.4127053093388573,0.41909108851681587
0.1694205307816477,0.40563586288180103,0.4249436063365586
0.16927321074690863,0.4090284175374922,0.4216983717156065
0.1677497856011817,0.42264925396515884,0.40960096043366695
0.16494990137614754,0.44549672834319887,0.3895533702806607
0.16107661410584928,0.4758760908371005,0.36304729505705746
0.15642010553513938,0.5115263186629134,0.33205357580195444
0.15133450759614636,0.5497894640059084,0.2988760283979526
0.14620967993306,0.5878098226589578,0.2659804974079897
0.14144018214863333,0.6227479871394194,0.23581183071195475
0.1373939023160792,0.6519937269289348,0.21061237075499392
0.13438282844206528,0.6733617228603055,0.19225544869763656
0.13263827814043366,0.6852554664825505,0.18210625537702338
0.132292547442571,0.6867870222661775,0.18092043029125918
0.1333684305053566,0.6778436616423589,0.188787907852292
0.13577743825399508,0.6590963645103232,0.20512619723568912
0.13932685500737876,0.6319495466141033,0.22872359837852538
0.14373507230349625,0.598435782409666,0.25782914528684553
0.148653983741665,0.5610634213817853,0.29028259487655733
0.15369666544638805,0.5226285311362525,0.32367480341736693
0.15846814790508293,0.48600527745112565,0.35552657464379883
0.16259683954009405,0.45393046879848886,0.38347269166142406
0.16576410986704912,0.4287984292421016,0.4054374608908568
0.1677296846764324,0.41248158641779403,0.41978872890578073
0.1683508360156003,0.406190229035801,0.42545893494860587
0.16759383984487208,0.41038194631317126,0.42202421384196365
0.16553678547658549,0.4247275310930787,0.40973568343034256
0.1623635050802512,0.44813588948937444,0.38950060543038156
0.15834909466102629,0.47883607118346894,0.3628148341555123
0.1538381644645563,0.5145102486491578,0.33165158688629337
0.1492175340369203,0.5524676524131986,0.29831481354988826
0.14488552947357103,0.5898463997868578,0.26526807073957864
0.1412203126247828,0.6238280665829499,0.2349516207922744
0.13854975246446222,0.6518489015748645,0.20960134596068047
0.1371252308551303,0.6717918427074228,0.19108292643745442
0.13710146758125918,0.6821449423188114,0.18075359009993633
0.138523976756145,0.6821143365554317,0.17936168668843033
0.14132516560016847,0.6716833113764605,0.18699152302337832
0.1453294043906709,0.6516130669647483,0.20305752864458856
0.15026668682231775,0.6233851595482125,0.22634815362947722
0.1557938190734169,0.5890899757050478,0.2551162052215422
0.161521477376093,0.5512696405772303,0.28720888204668393
0.1670450052687089,0.5127271744241182,0.3202278203071801
0.17197652025224192,0.4763162357671069,0.35170724398065867
0.17597578946108602,0.44472723513167356,0.37929697540724755
0.17877742434035587,0.420285863327712,0.4009367123319391
0.18021222855605293,0.40477913372399044,0.4150086377199635
0.1802209895126477,0.39932196094988126,0.4204570495374784
0.17885959636854862,0.40427424579751836,0.41686615783394015
0.17629504993922254,0.41921463784806967,0.40449031221271503
0.17279264876072636,0.44297288936237794,0.3842344618769028
0.16869533424351743,0.47371831638728323,0.3575863493692065
0.1643968011034498,0.5090976761528551,0.3265055227437022
0.1603104777247526,0.5464120693484517,0.29327745292680324
0.15683681508599165,0.5828195590957815,0.2603436258182338
0.15433146550115398,0.6155482835664141,0.2301202509324387
0.1530768718205593,0.6421040689162292,0.20481905926321847
0.15325952799522635,0.6604569801067536,0.1862834918980275
0.1549547328223533,0.6691928455429182,0.17585242163473594
0.15812007423453758,0.6676184359225086,0.17426148984296097
0.16259819720482885,0.6558124684766252,0.18158933431855304
0.1681286777627058,0.6346186817675687,0.19725264046973248
0.17436810613190673,0.605581576805914,0.22005031706218628
0.1809168303209804,0.5708297204648244,0.24825344921420217
0.1873502792042642,0.532915434224816,0.2797342865709268
0.19325241360630094,0.49462295084334823,0.3121246355503572
0.1982486749643293,0.458759469808897,0.34299185522678044
0.20203582865497133,0.42794480438377425,0.37001936696126103
0.2044063317226581,0.4044153954737873,0.3911782728035615
0.20526527509364811,0.38985736602023696,0.4048773588861219
0.2046385261333664,0.38528108854973453,0.41008038531690594
0.20267138399081067,0.39094660485793914,0.40638201115125694
0.19961780406513913,0.4063454072464473,0.39403678868842007
0.1958209908924169,0.4302398538803666,0.3739391552272232
0.1916868423762721,0.46075716542164885,0.3475559922020857
0.18765229857556945,0.49553086099133964,0.3168168404330973
0.18415105987809968,0.5318789453125516,0.28396999480935514
0.18157935925366753,0.5670054208868018,0.251415219859537
0.1802644832161717,0.5982099734121026,0.22152554337173247
0.18043853434987567,0.623090093124626,0.19647137252550492
0.18221952958990903,0.639720491252709,0.17805997915738858
0.18560136322605503,0.6467964023716006,0.16760223440235097
0.19045347536156604,0.6437300980400756,0.165816426598365
0.19653030869654078,0.6306934675002118,0.17277622380325391
0.20348986812371106,0.6086035808659295,0.187906551010366
0.21091997893546646,0.5790524333165515,0.21002758774798805
0.21837022705675613,0.544186253361238,0.23744351958201193
0.22538710719689195,0.5065435303021174,0.2680693625009969
0.23154963882120982,0.4688639932588876,0.29958636791990884
0.23650265722845193,0.4338829269498627,0.3296144158216918
0.23998515303072077,0.40412627817510033,0.35588856879418485
0.24185140612847322,0.3817219136974787,0.3764266801740543
0.24208321176587433,0.3682411444814937,0.3896756437526379
0.24079218422711338,0.3645823290792596,0.39462548669363284
0.23821189507798837,0.37090518553469376,0.39088291938732384
0.23468039766091373,0.3866206174889123,0.3786989848501797
0.23061444575577697,0.41043668473832445,0.3589488695059039
0.22647737255730832,0.44045713560325667,0.33306549183944095
0.2227431043679285,0.4743249844768508,0.3029319111552266
0.2198591010858308,0.5094002575169954,0.27074064139718024
0.21821111677678898,0.5429584935130468,0.23883038971017015
0.21809254922189325,0.5723950638713448,0.2095123869067678
0.21968080577270263,0.5954199772497057,0.18489921697759756
0.2230225795616511,0.6102285877215731,0.1667488327167816
0.22802924566190316,0.6156354709723687,0.15633528336573418
0.23448280373932887,0.6111615295512355,0.1543556667094413
0.24205197264866968,0.5970679231866253,0.16088010416471027
0.2503172471575871,0.5743344262787615,0.17534832656365673
0.2588030197394241,0.5445839898800929,0.19661299038048888
0.26701430684290106,0.5099593158447465,0.2230263773123582
0.27447524401877277,0.4729608341734465,0.2525639218077864
0.28076635810821554,0.43625834310698486,0.28297529878480476
0.28555770084216436,0.4024905118668164,0.3119517872910245
0.28863523210356806,0.3740673150547462,0.337297452841691
0.28991835043633124,0.3529902034261602,0.35709144613751387
0.28946714468938384,0.3407034411720608,0.3698294141385607
0.2874787322837253,0.33798766144671766,0.374533606269562
0.284272895534821,0.34490349121321545,0.3708236132519688
0.28026806222194434,0.36078931632752365,0.35894262145053696
0.2759494351348065,0.3843131837269041,0.3397373811382949
0.27183169816211417,0.4135747764271629,0.31459352541072816
0.26841916434824326,0.44624965365623537,0.2853311819955262
0.2661664490609201,0.47976480293587015,0.2540687480032149
0.2654427307261021,0.5114922375606877,0.22306503171321498
0.26650240266271297,0.5389460627563567,0.19455153458093508
0.26946444107221323,0.5599682219582588,0.17056733696953297
0.2743021520565393,0.57288903346061,0.15280881448285538
0.28084416498270265,0.5766505659848634,0.14250526903243874
0.28878667156822235,0.5708837304923732,0.14032959793940955
0.2977160366853333,0.5559334694071745,0.14635049390749713
0.3071400958540253,0.5328303379075299,0.1600295662384499
0.3165257690395593,0.5032107998124349,0.18026343114801036
0.32534011464700946,0.46919239996002515,0.20546748539296977
0.33309166184087685,0.43321333819593943,0.2336949999631881
0.33936881701804045,0.39784860628041074,0.26278257670155325
0.3438723461947722,0.36561656281111105,0.29051109099412137
0.3464393747703747,0.33879048727252437,0.31477013795710523
0.34705698694753906,0.31922922636050655,0.3337137866919586
0.3458643005722885,0.3082395599600046,0.345896139467711
0.34314277875818755,0.30648048608271283,0.3503767351591043
0.3392954493232674,0.3139164395924194,0.34678811108431734
0.33481656649046687,0.32982276068343624,0.3353606728261008
0.33025399933556926,0.352842795604145,0.31690320506028985
0.32616720935270116,0.38109214036702566,0.292740650280277
0.32308403947421377,0.41230201871563726,0.2646139418101532
0.3214596497421604,0.4439908813941348,0.23454946886370873
0.32164079036182536,0.47365124048110546,0.20470796915707298
0.3238382106824924,0.4989376626213092,0.17722412669620233
0.32810939159149144,0.517841816309024,0.1540487920994885
0.3343530047946131,0.5288414987903663,0.13680549641502454
0.34231560506754266,0.531012575900215,0.12667181903224645
0.35161011947589127,0.5240955983713378,0.12429428215277467
0.36174478331248255,0.5085122948055661,0.12974292188195466
0.37216035690164373,0.48533092385329024,0.14250871924506975
0.38227280406099867,0.45618331060292794,0.1615438853360768
0.39151817333490324,0.4231400058080257,0.18534182085707473
0.3993962323400421,0.38855312089515137,0.21205064676480967
0.40550947991727226,0.35487877489903147,0.2396117451836995
0.4095944960942061,0.3244925657378919,0.2659129381679047
0.41154316181286815,0.2995119406747327,0.2889448975124024
0.4114120462319291,0.2816387592079921,0.306949194560082
0.40941916123844524,0.2720337644067001,0.3185470743548579
0.4059282518477345,0.2712322288887406,0.3228395192635277
0.40142175308831185,0.2791069073233324,0.3194713395883589
0.3964644245615117,0.2948808471981516,0.3086547282403397
0.3916604047592257,0.3171888547385516,0.2911507405022253
0.38760695121704325,0.34418276627659183,0.2682102825063676
0.3848484080742724,0.37367241056754386,0.2414791813581865
0.38383394694106476,0.40329150805859504,0.21287454500034292
0.3848823582202452,0.4306759342831536,0.18444170749660416
0.38815664731431626,0.453640909088947,0.1582024435967398
0.39365045225575096,0.47034382168205957,0.13600572606219236
0.40118740179542195,0.47942054734012834,0.11939205086445256
0.41043354405295246,0.48008516401707346,0.10948129192997685
0.4209219710551892,0.47218577712797644,0.10689225181683686
0.43208782110792227,0.4562124943058105,0.11169968458626965
0.4433110318868614,0.4332572055763046,0.12343176253683592
0.4539636054101292,0.4049284451141668,0.14110794947570615
0.46345777983084785,0.3732279663070363,0.1633142538621176
0.47129141181659046,0.34039850138571304,0.18831008679769867
0.4770870657280118,0.30875428961469115,0.21415864465729922
0.48062176866044937,0.28050718899338495,0.2388710423461675
0.4818450896170331,0.2576014477449817,0.2605534626379869
0.4808840842108809,0.24156948914261558,0.2775464266465052
0.4780346465187238,0.23341941611166842,0.28854593736960965
0.4737398508251533,0.2335624994573803,0.2926976497174682
0.46855686825576837,0.2417858635521696,0.2896572681920635
0.46311492951116934,0.25727215860210995,0.2796129118867221
0.4580675063807295,0.27866446884513146,0.26326802477414074
0.45404234657640774,0.30417131806761094,0.2417863353559834
0.45159318190882886,0.33170365161432935,0.21670316647684368
0.45115682320513645,0.35903331958237145,0.18980985721249358
0.45301896323296276,0.38396103262218906,0.16302000414484966
0.45729135981006785,0.40448112189951635,0.13822751829041735
0.46390221366071205,0.41893075110069333,0.11716703523859578
0.47260055410395524,0.42611247146687437,0.10128697442917145
0.48297437638044644,0.42538108169945577,0.09164454192009872
0.4944812189784193,0.4166884924565183,0.08883028856506374
0.5064889087218292,0.40058349004316157,0.09292760123501008
0.5183234097702049,0.3781667026409338,0.10350988758886275
0.5293201516314857,0.35100443721670216,0.11967541115181311
0.5388749250012357,0.3210081231811953,0.14011695181757017
0.5464904460918788,0.2902886408934296,0.16322091301469227
0.5518150007336711,0.2609966412091703,0.18718835805715897
0.5546701666558271,0.2351609433523618,0.21016888999181135
0.5550654324396777,0.21453716396329148,0.2303974035970315
0.5531985230413315,0.2004778811545883,0.24632359580408067
0.549441329465266,0.19383394356057282,0.2567247269741613
0.5443124413183482,0.19489412867692846,0.2607934300047233
0.5384383113563447,0.20336742299424715,0.2581942656494084
0.5325059615035356,0.21840896271345067,0.24908507578301411
0.5272108020527406,0.23868738365710446,0.2341018142901555
0.52320352806234,0.2624882304749926,0.21430824146266758
0.5210401480001207,0.2878454004252966,0.19111445157458298
0.521138980996266,0.31269054446096795,0.1661704745427665
0.5237479458608945,0.3350090684245395,0.14124298571456614
0.5289246951275208,0.35299096095680016,0.1180843439156789
0.5365311784309991,0.3651651476615539,0.0983036739074468
0.5462431246699171,0.3705073913368305,0.08324948399325217
0.5575737947453749,0.36851382031031077,0.07391238494431417
0.5699102630008374,0.35923481051373024,0.0708549264854325
0.5825595196277866,0.3432669686046446,0.0741735117675688
0.5948009226882778,0.32170413281888793,0.08349494449283397
0.6059410263643237,0.296051385420845,0.09800758821483066
0.6153666111623983,0.2681088243891468,0.11652456444845474
0.6225918588487124,0.23983406713850433,0.1375740740127825
0.6272960423900285,0.21319399180493187,0.159509965805039
0.6293488079131431,0.19001695148271938,0.18063424060413627
0.6288210589595761,0.17185657475332933,0.19932236628709335
0.6259805428624998,0.15987730746321832,0.21414214967428116
0.621272402404257,0.15477013455504268,0.2239574630406996
0.6152861045209378,0.1567045819896984,0.2280093134893629
0.6087112039413897,0.1653203185372328,0.22596847752137644
0.6022852629425054,0.17975866854192915,0.21795606851556415
0.5967378621633272,0.19873133837072704,0.20453079946594427
0.592734953679506,0.2206208780636645,0.1866441682568283
0.5908278008586538,0.24360505373828314,0.1655671454030619
0.591410418979532,0.2657955691138805,0.14279401190658594
0.5946888000234454,0.28538057234286074,0.11993062763369239
0.600664321242291,0.30076018690284195,0.09857549185486596
0.6091326664105647,0.31066492102559506,0.08020241256383896
0.6196984119615387,0.3142481859382202,0.06605340210023997
0.631804236786554,0.3111461790115755,0.05704958420186898
0.644772595303693,0.3015009054627907,0.05372649923351468
0.6578567341311258,0.2859449274025504,0.05619833846632205
0.670297207161773,0.26554932669871567,0.06415346613950951
0.6813796083136271,0.2417391288382379,0.07688126284813328
0.690489130137654,0.21618285135814277,0.09332801850420068
0.697157779602046,0.19066473289780045,0.11217748750015126
0.7011006240947658,0.1669494290233814,0.1319499468818503
0.7022382610071906,0.1466494414623076,0.15111229753049946
0.7007037417774463,0.13110524846557917,0.16819100975697218
0.6968333578012724,0.12128705508278036,0.181879587115945
0.6911419220542689,0.11772536906674506,0.19113270887898348
0.6842843633767972,0.12047536628753404,0.1952402703356663
0.677006499834612,0.12911741312633682,0.19387608703904893
0.6700886929236758,0.14279336182926466,0.18711794524705705
0.664286641167382,0.16027553769882374,0.17543782113379155
0.6602738063738198,0.18006289777567616,0.15966329585050096
0.6585898593717303,0.20049684145907484,0.1409132991691918
0.6595990912217738,0.21988774152713328,0.12051316725109036
0.6634619930131851,0.23664254063554901,0.09989546635126317
0.6701222178196072,0.24938377191860794,0.08049401026178175
0.6793099766254646,0.2570511048381012,0.06363891853643104
0.6905616738369093,0.2589779258352873,0.05046040032780041
0.7032543519172072,0.25493742466714125,0.041808223415648466
0.7166523828509492,0.24515501774835358,0.03819259940069405
0.7299629030665765,0.23028651676331668,0.03975058017010324
0.7423958104459408,0.21136404696142388,0.046240142592631636
0.7532237796536174,0.1897141380418722,0.05706208230450665
0.7618377339379306,0.16685446985575553,0.07130779620631034
0.7677935403765009,0.14437730279624159,0.08782915682725383
0.7708463474754461,0.12382854648880788,0.10532510603574247
0.770969910607857,0.10659165645720327,0.12243843293493578
0.7683593824726228,0.09378508585336871,0.1378555316740046
0.7634172971917192,0.08618090027615295,0.15040180253212365
0.7567237530727914,0.08415047975137412,0.1591257671758306
0.7489930034626349,0.08764111666923585,0.16336587986812512
0.7410197056663709,0.09618493685498018,0.16279535747864496
0.7336188749456893,0.10893910651799006,0.15744201853631645
0.727564082717093,0.12475392854496249,0.14768198873794064
0.7235285868386525,0.14226335550523048,0.13420805765611316
0.7220338748589774,0.1599908084989984,0.11797531664202017
0.7234095528961659,0.17646211037188747,0.10012833673194227
0.7277676639836865,0.19031689496322407,0.08191544105308506
0.7349934338223972,0.20041006806171885,0.06459649811587956
0.7447532006967924,0.20589574715310785,0.049351052150095234
0.7565189836796736,0.2062875241547232,0.037193492165598474
0.7696078779701111,0.201490764130514,0.028901357899370515
0.7832333345369555,0.19180482630943352,0.024961839153606318
0.7965644695791625,0.1778954028195803,0.02554012760125276
0.8087889275962591,0.16073943813897829,0.030471634264758636
0.8191745381972614,0.14154714618986777,0.03927831561286644
0.8271250837304921,0.12166732828592168,0.05120758798358164
0.8322259276093406,0.10248338954285895,0.0652906828477956
0.834276010022597,0.08530806852896317,0.080415921448435
0.8333037420079797,0.0712848945089903,0.09541136348302466
0.8295655436241747,0.061303775834202705,0.10913068054161738
0.8235270854643518,0.05593695558005451,0.12053595895558818
0.8158286055542499,0.05539994203093383,0.12877145241481097
