1.,6.93334779979405e-33,1.7333369499485126e-33
0.9971492923994701,0.0009489260556137123,0.0019017815449161176
0.9999319900169903,0.000033744360739705666,0.000034265622269948566
0.9943085718862334,0.0021160343768539757,0.0035753937369125766
0.9970568167923294,0.0009169457867890385,0.002026237420881703
0.9933027853475555,0.0027663792211611257,0.00393083543128354
0.9932572715740046,0.0026769221010577624,0.004065806324937687
0.995013114033747,0.0016622988951873008,0.0033245870710657648
0.993277743913587,0.00250542080453972,0.004216835281873296
0.9924487722585533,0.003046761825166827,0.0045044659162799495
0.999915585313589,0.000016431939863877483,0.00006798274654713156
0.9973551516541397,0.0011220242907177649,0.0015228240551424833
0.9997657402473241,0.000040626348175000685,0.000193633404501014
0.9924919610285302,0.0026145916671892954,0.004893447304280464
0.9979944228271729,0.0005843434710590263,0.0014212337017679823
0.9979508945303491,0.0008571663124706054,0.0011919391571803602
0.9924251099628821,0.0026202343494759273,0.004954655687641839
0.9982217770809972,0.0007787420987686681,0.0009994808202341743
0.9914373916728679,0.0034081848986794046,0.005154423428452518
0.9939798589897698,0.0020298408093539,0.003990300200876416
0.9948626532655919,0.0018641499369801274,0.003273196797427952
0.9926072920279745,0.0029035858029875018,0.004489122169037964
0.9911575864146072,0.003091117892037388,0.00575129569335527
0.9975703760728988,0.0009125642895885857,0.001517059637512805
0.9971599880368668,0.0010745193699790317,0.0017654925931542783
0.9908792224817466,0.003546474425319168,0.0055743030929341205
0.9996241191434264,0.00004153089213350272,0.0003343499644399997
0.9912946815629542,0.002920164411290085,0.005785154025755874
0.9957060013037007,0.001620936933867054,0.0026730617624320975
0.9979734176564247,0.0007274958196209495,0.0012990865239543188
0.9901176333577638,0.0038677377693952545,0.006014628872841046
0.9916876853235329,0.002790374889830928,0.005521939786636151
0.9954317442690669,0.0018711193392224395,0.002697136391710676
0.9955827126785893,0.0013932781452682692,0.0030240091761423453
0.9915986503347414,0.0031871442824946434,0.005214205382763874
0.9900757100191078,0.003945498832979635,0.005978791147912636
0.9989839814929629,0.00039635391940864926,0.0006196645876285714
0.9922236736311382,0.0031500049558117983,0.004626321413049991
0.9884273456469871,0.003978092126396511,0.0075945622266163455
0.989639460131645,0.004156348135083224,0.006204191733271772
0.9987927004142186,0.0003388841462731257,0.0008684154395082826
0.9876551430658673,0.004820177943860495,0.0075246789902722174
0.9887673190156927,0.004146866565409065,0.007085814418898133
0.9873597847095075,0.004830294062912584,0.007809921227579877
0.9988426012996711,0.0003350943438741748,0.0008223043564547419
0.9955027381286099,0.0017737270061811026,0.0027235348652092173
0.998647920219247,0.0002719865075255802,0.0010800932732274377
0.9860693178456528,0.0047765936875054016,0.009154088466841731
0.98707918021895,0.005092260367464992,0.007828559413584936
0.9900228216815491,0.003307648229982686,0.0066695300884682856
0.986150976689868,0.005048106407438708,0.008800916902693395
0.9855185075657202,0.005464244825305925,0.009017247608973978
0.9951509314882231,0.001624946843844469,0.0032241216679325417
0.9926824871529389,0.002533015877707537,0.0047844969693536365
0.9910664183759903,0.0029249876539288624,0.006008593970080733
0.9923019964810307,0.0028709562155420903,0.004827047303427276
0.9873156764839405,0.004820837530624009,0.007863485985435457
0.9846808328256226,0.0058024249669798725,0.00951674220739747
0.9975013075240339,0.0008880346045767013,0.0016106578713895778
0.9936270248245491,0.0020182100488615727,0.004354765126589438
0.9956450051149994,0.0012207027523532584,0.0031342921326471995
0.9907709857790344,0.003352056106615587,0.005876958114349904
0.9939468578150834,0.0018604701327483498,0.004192672052168194
0.9851922763631895,0.0058049285688553665,0.009002795067955004
0.9927898279627471,0.002234737710321019,0.004975434326931964
0.9832776876408418,0.005716152828708905,0.011006159530449363
0.9938412896630855,0.0020301507672730755,0.004128559569641334
0.98682023992724,0.004493226832800797,0.008686533239959127
0.9943830990157663,0.0016710910311014374,0.003945809953132223
0.9799996240180808,0.007483280476218129,0.01251709550570099
0.9916179579004522,0.0026420399761948794,0.005740002123352927
0.9897832223791374,0.003463297708620788,0.006753479912241854
0.9763744079333189,0.008286184473074337,0.01533940759360684
0.994408582111298,0.001984081418401578,0.00360733647030057
0.9859325986985721,0.004670962338313288,0.009396438963114514
0.984677088054186,0.005178840680346743,0.010144071265467293
0.9929723369324921,0.002103316914081593,0.004924346153426229
0.9779563287616406,0.008639648260970904,0.01340402297738851
0.9907858751364471,0.0028365296542511675,0.006377595209301691
0.9750092962165572,0.009315408229455247,0.015675295553987667
0.9710011650025142,0.011083622281429102,0.017915212716056783
0.9704966537017738,0.011044796037114885,0.018458550261111102
0.9764450943141713,0.008212905922551802,0.015341999763277051
0.9903877128136884,0.0033710488774219144,0.006241238308889632
0.9730455391804356,0.009684197899597895,0.017270262919966622
0.9817541740596184,0.006861737551433124,0.011384088388948329
0.9710230992652417,0.010349797086217524,0.018627103648540828
0.9879221872914672,0.003920609236136473,0.008157203472396268
0.9666228411975627,0.012571282105943897,0.020805876696493354
0.9700675620780084,0.011257584798544053,0.018674853123447677
0.9860984495223835,0.005011759312856499,0.008889791164760137
0.9772616798638952,0.008589406235167485,0.014148913900937272
0.9600753336255035,0.015058103195760902,0.024866563178735722
0.966357384224663,0.012117209214398938,0.021525406560938102
0.9831442780687674,0.0055227421944046085,0.01133297973682802
0.9685479302467853,0.01102923137833744,0.020422838374877288
0.9561676659151851,0.015873388792829835,0.027958945291985025
0.9808687082730663,0.006448039088736875,0.012683252638196797
0.9516455522835465,0.01774949100858382,0.030604956707869665
0.9787347868339302,0.007225822180166482,0.014039390985903273
0.9505055735674456,0.017947467440435124,0.031546958992119255
0.9538429440219348,0.01678425731729116,0.02937279866077401
0.9676953898892192,0.012193883514943089,0.020110726595837684
0.9693779471760109,0.011493426373614878,0.01912862645037424
0.9591236442102686,0.014548981982583524,0.026327373807147832
0.938201284461486,0.024229862718303016,0.03756885282021083
0.9640545670684596,0.012837977492806307,0.02310745543873417
0.9342594522215261,0.024114511874647592,0.04162603590382642
0.954173351534262,0.01652717976428785,0.029299468701450247
0.9570232657161535,0.015267250531385562,0.02770948375246106
0.9375711153298198,0.02305043062095618,0.039378454049223945
0.9335943643663982,0.026029367764434697,0.04037626786916689
0.9345035985050183,0.024027875887836978,0.04146852560714468
0.9493137622560205,0.018446553669436646,0.032239684074542745
0.9351033520370062,0.024215072940876062,0.040681575022117736
0.9139342477929763,0.031987453164539166,0.0540782990424846
0.9268960574296595,0.028294694118708812,0.044809248451631555
0.9314897532790484,0.024958793076758724,0.04355145364419286
0.9001311520861608,0.03781541543497676,0.062053432478862386
0.9387126903646392,0.022105111584281596,0.039182198051079156
0.9291680981563631,0.027009064182849766,0.043822837660787116
0.9261713184448156,0.026913676376635175,0.04691500517854927
0.8957732319595039,0.0390897287102474,0.06513703933024872
0.8847319619882955,0.04367744968881914,0.07159058832288549
0.9190829056264712,0.0308911877754245,0.050025906598104276
0.8838793408944341,0.04582940998259311,0.07029124912297278
0.8998942575905635,0.03838505102723246,0.06172069138220393
0.8541079370925468,0.05676906773296597,0.08912299517448732
0.8471875053104828,0.05851083657684689,0.09430165811267044
0.8854558005287881,0.044559207992864044,0.06998499147834779
0.8674987445033031,0.04994351763486435,0.08255773786183257
0.8583215826600831,0.053541272713123804,0.08813714462679316
0.8659690714449682,0.05219471981489163,0.08183620874014029
0.8056346688017275,0.07476849164073171,0.1195968395575409
0.796590332453983,0.08004832361360047,0.12336134393241653
0.8487463656091221,0.057375861380502075,0.09387777301037589
0.8404156121101408,0.06045006495887946,0.09913432293097968
0.7810407455176291,0.0874935939972275,0.13146566048514335
0.8142132630217451,0.07372354856298369,0.11206318841527109
0.7745850426564695,0.08724756750961009,0.13816738983392052
0.7751161443541036,0.08729422323883491,0.1375896324070616
0.7364599581094977,0.10424645849213966,0.1592935833983626
0.7661207395440296,0.09147130860245292,0.14240795185351732
0.7050367104883271,0.1175724249229341,0.17739086458873893
0.7327048741497212,0.10605820570264055,0.1612369201476382
0.7009862004981998,0.11822400562190011,0.18078979387990013
0.6596258619254153,0.13674546567822446,0.20362867239636015
0.6945667275825972,0.11907158829993711,0.18636168411746565
0.6982774102406809,0.12043682232861949,0.18128576743069955
0.6818877196101616,0.1258988590318511,0.19221342135798739
0.664490907646598,0.13312615303938644,0.2023829393140156
0.5835560880074865,0.16492484736294355,0.25151906462956997
0.6222391008310739,0.15159652243939176,0.2261643767295342
0.5502686264736315,0.17803243065791372,0.2716989428684548
0.6047922489028524,0.15618726743670286,0.2390204836604447
0.5648341897595225,0.17195758174400017,0.2632082284964773
0.5025132808490541,0.20164741336370715,0.29583930578723877
0.4826959877514347,0.21055833777815194,0.3067456744704133
0.49386110630182967,0.2053341161662566,0.30080477753191376
0.511695660311797,0.19344995323928055,0.29485438644892226
0.5132000930079711,0.1963000368907248,0.29049987010130407
0.4742703697365113,0.21354034767224,0.31218928259124873
0.4082770713828711,0.2390322392287902,0.35269068938833875
0.4132028499218799,0.23536370109793903,0.3514334489801812
0.450484665984137,0.22097825679949548,0.32853707721636766
0.3589379835800392,0.26200691793437236,0.3790550984855883
0.4216717660142863,0.23506696507807756,0.34326126890763614
0.3678811498856153,0.2541980871941819,0.3779207629202027
0.3206642317111363,0.27571963434994495,0.40361613393891865
0.3081452603508181,0.2795005957740545,0.41235414387512725
0.29896829781500134,0.2872442175523284,0.41378748463267034
0.33764565090936777,0.2711218380894172,0.3912325110012151
0.31539008437127375,0.28028852224122275,0.4043213933875036
0.3197585007536458,0.27492065291902495,0.40532084632732923
0.2639143141446762,0.29792337662304336,0.43816230923228033
0.2518521925940588,0.3064327823196562,0.44171502508628485
0.2804873569208732,0.2928051504507555,0.4267074926283712
0.27578135527670333,0.2913661457776428,0.43285249894565386
0.2637584587318568,0.29717755979487737,0.4390639814732658
0.22098786100174367,0.3157937725470104,0.463218366451246
0.22396774481152953,0.31353602338201714,0.4624962318064534
0.2631933328202145,0.29738764077884267,0.4394190264009428
0.18827164578400307,0.3344537448833248,0.477274609332672
0.21066394455938683,0.32111531223419315,0.46822074320642004
0.2022389770999751,0.32597664439074603,0.4717843785092789
0.17005871505155873,0.33794062181866413,0.4920006631297771
0.22715907502945284,0.3176399455783885,0.45520097939215864
0.19931347788081633,0.32582895394591677,0.4748575681732669
0.19573999246539364,0.32508492417479734,0.4791750833598091
0.20660692779914402,0.3211438840572201,0.4722491881436358
0.14937444642060227,0.34686777195067187,0.5037577816287259
0.14566096154744224,0.3482507324118999,0.506088306040658
0.13660469044004106,0.3510711418003872,0.5123241677595717
0.1590134734025956,0.3411439963832701,0.4998425302141342
0.14348279180189386,0.3512459888919084,0.5052712193061977
0.16814728024744635,0.3429335101589904,0.4889192095935632
0.14683904028891204,0.34722754403473954,0.5059334156763485
0.1228862168183646,0.35956563243088346,0.5175481507507518
0.14056408646125465,0.3535939135560659,0.5058419999826795
0.1541436861310999,0.34381878606905675,0.5020375277998433
0.12467123948646547,0.3604496497901112,0.5148791107234234
0.12598422750265137,0.35829376080298114,0.5157220116943675
0.10406791305548665,0.3658017786738471,0.5301303082706663
0.10669382313939967,0.370024929979745,0.5232812468808551
0.09813803613593464,0.37055528534893883,0.5313066785151265
0.14323350704394167,0.3470958970710533,0.5096705958850051
0.1233988693754304,0.35843214470589047,0.5181689859186792
0.12089952302603142,0.36268374381562657,0.516416733158342
0.13517403336243944,0.35692782797212264,0.507898138665438
0.0864371452293638,0.378242150867794,0.5353207039028424
0.09162196207066904,0.37476367666864024,0.5336143612606907
0.08567526884983073,0.37689591169832104,0.5374288194518483
0.09167970778626976,0.37428585392549174,0.5340344382882386
0.10450568621852159,0.36899232665155535,0.526501987129923
0.12240889703149839,0.3617770712639634,0.5158140317045383
0.1181105143411318,0.3643114457195608,0.5175780399393074
0.07811260781881897,0.3817698225810171,0.5401175696001638
0.11409594584749698,0.3621209600360696,0.5237830941164333
0.08781140301260124,0.3716283141171652,0.5405602828702336
0.09291448306566753,0.37100667546830046,0.536078841466032
0.10945103749754374,0.36750970558663243,0.5230392569158239
0.06819613446404466,0.3853969941389116,0.5464068713970438
0.06925609314130352,0.38012210511608113,0.5506218017426152
0.06637767254693162,0.38506754484809314,0.5485547826049751
0.06944178552480192,0.38584627212527456,0.5447119423499236
0.09474677579241254,0.3681256560819911,0.5371275681255965
0.09529930011980091,0.3727720044776185,0.5319286954025805
0.09011610513327957,0.3735699585826706,0.5363139362840498
0.09845470877768783,0.36763374058667514,0.5339115506356371
0.055486749514025574,0.39237406145297005,0.5521391890330044
0.09053708317871022,0.3699733521851403,0.5394895646361494
0.09524194187126221,0.3738955143633591,0.5308625437653787
0.08852023496075402,0.37068980269096197,0.5407899623482839
0.05213565640847927,0.39431653373121256,0.5535478098603082
0.09156978077383007,0.36962378581871674,0.5388064334074532
0.0750566760880934,0.382032278755047,0.5429110451568596
0.07380138143807108,0.3802343171822351,0.5459643013796937
0.08841285175504837,0.372370984316179,0.5392161639287726
0.0488055082389709,0.39564313680795304,0.5555513549530761
0.0838283363458525,0.3725052266995928,0.5436664369545545
0.0840955421745996,0.3770866730073363,0.5388177848180641
0.084545100718583,0.3767420820821614,0.5387128171992557
0.05931278624059786,0.3841801670613648,0.5565070466980373
0.06606156869113543,0.3857890114602029,0.5481494198486617
0.04348092594986816,0.3974494142632642,0.5590696597868675
0.049252215056757136,0.38933436613685046,0.5614134188063923
0.04236881761224133,0.39484652237970885,0.5627846600080498
0.06127475951952559,0.38969382646642475,0.5490314140140496
0.058960230735249974,0.388038868646346,0.5530009006184039
0.0768991387958775,0.3753299652634261,0.5477708959406964
0.06857099180740021,0.3813881968275194,0.5500408113650803
0.07454136201508393,0.38236264386882934,0.5430959941160866
0.06236166827504568,0.3882632228996904,0.549375108825264
0.04784145709216736,0.39192409615467105,0.5602344467531615
0.04689193508672574,0.39001825261601164,0.5630898122972626
0.06353253677866422,0.38297189625029704,0.5534955669710387
0.059698541429509006,0.3880371336097415,0.5522643249607495
0.03827243417883019,0.4009411831765115,0.5607863826446583
0.06147064323676814,0.3887032994184275,0.5498260573448043
0.038725522972394864,0.3980962898206956,0.5631781872069094
0.06247383066828797,0.38354037202992675,0.5539857973017853
0.06691677832332707,0.37980671100701807,0.5532765106696549
0.056351725480062356,0.3850649780875937,0.558583296432344
0.03357056248617699,0.39766774875936467,0.5687616887544582
0.06771541504606135,0.3814428929266504,0.5508416920272882
0.03554753111044609,0.39954108722142084,0.564911381668133
0.036372610003763656,0.400350772407173,0.5632766175890633
0.03815793206171988,0.40024622883008704,0.5615958391081931
0.031858263270062435,0.40401804751852993,0.5641236892114078
0.05482543902033801,0.39213248425498004,0.553042076724682
0.0455517505987328,0.39706022176728545,0.5573880276339818
0.06224506748772767,0.3881674974450816,0.5495874350671907
0.042342085771682095,0.39866440575847634,0.5589935084698415
0.03747247770120936,0.40122193472626166,0.5613055875725291
0.048262159964290764,0.3954501976602603,0.5562876423754489
0.06298620864970171,0.38754499421421656,0.5494687971360818
0.03007032681310098,0.40522302931822235,0.5647066438686766
0.06216457803317279,0.3878531161925854,0.5499823057742418
0.04659955943136742,0.39603615930602726,0.5573642812626053
0.034709858588755124,0.40207099018689596,0.5632191512243488
0.037073015212988995,0.40010206831595335,0.5628249164710578
0.05426316222990738,0.3897412706084032,0.5559955671616894
0.0512441262437064,0.39017495681740905,0.5585809169388846
0.034187353654974856,0.39808884198944944,0.5677238043555757
0.041765702803107235,0.3927589871581351,0.5654753100387576
0.05911537462183816,0.38246193196762773,0.558422693410534
0.05730654541008076,0.38349728075485384,0.5591961738350654
0.0583614468894819,0.3838988633388274,0.5577396897716907
0.051912457607922784,0.3892244340370408,0.5588631083550364
0.026483419734864438,0.4054780754421719,0.5680385048229637
0.055984253798676706,0.39034321984104414,0.5536725263602791
0.02579032675119278,0.40737212644351295,0.5668375468052942
0.04276637903006837,0.3962264802666662,0.5610071407032653
0.054246816465686624,0.3871724778051543,0.5585807057291591
0.05451289588777416,0.38488963069343124,0.5605974734187946
0.045468712860475,0.3897023576516119,0.5648289294879132
0.0255665676397284,0.4029682114245279,0.5714652209357438
0.04690545448557732,0.39367360122449346,0.5594209442899293
0.03309788684854755,0.40329795469371227,0.5636041584577403
0.0545010809332616,0.38986239375244197,0.5556365253142965
0.03477034230779658,0.39817159005461045,0.5670580676375931
0.0254376743924228,0.4011282496724756,0.5734340759351015
0.025100394350623636,0.40192976730630986,0.5729698383430666
0.03300321346568042,0.40057630818494877,0.5664204783493708
0.052324837543215076,0.3917607792005675,0.5559143832562174
0.03567598068105086,0.40062738589009317,0.563696633428856
0.03831388206774697,0.39537837352934396,0.5663077444029091
0.02985686206990386,0.39831500859552743,0.5718281293345686
0.05239631447950591,0.38700099464406834,0.5606026908764259
0.04732892748408019,0.3937595948757842,0.5589114776401355
0.041297417548200446,0.39776240994157586,0.5609401725102237
0.044664580526091575,0.39204250322031536,0.563292916253593
0.05190462174854417,0.3849582898543275,0.5631370883971284
0.03722935445875694,0.396027549872063,0.5667430956691799
0.02579462732236944,0.4070054327333953,0.5671999399442352
0.04891370642599336,0.3923812136361542,0.5587050799378523
0.030161262773660477,0.3995452530040719,0.5702934842222677
0.0259469417823112,0.4008953497569252,0.5731577084607636
0.04353648450360748,0.3939763667360528,0.5624871487603397
0.04958158578073421,0.392679575605977,0.5577388386132888
0.049228435937545896,0.3894586444868532,0.5613129195756009
0.04268934089604637,0.39015750300037283,0.5671531561035809
0.02534282398935601,0.40385689958658255,0.5708002764240615
0.028754362133168974,0.405586034816341,0.56565960305049
0.0481653868856626,0.3907682335430388,0.5610663795712986
0.02200076687551316,0.4032227330849492,0.5747765000395376
0.04186134941586354,0.3929198756946015,0.565218774889535
0.04423287497810013,0.39555793989650495,0.560209185125395
0.026029118951729043,0.404681133267232,0.5692897477810389
0.02022085137699061,0.4043296204023612,0.5754495282206482
0.019967420998412214,0.4075175444278458,0.572515034573742
0.0212004971729467,0.41051119383404255,0.5682883089930109
0.03171185118051723,0.3999499033116195,0.5683382455078632
0.04789785097553151,0.3862416683601693,0.5658604806642993
0.028975783449172846,0.40301108151143245,0.5680131350393949
0.03215097405066139,0.40292098648868174,0.5649280394606568
0.03409980864697938,0.3966208126400911,0.5692793787129294
0.041223377516538956,0.39137411401173156,0.5674025084717295
0.019510685171045795,0.41110474939445363,0.5693845654345006
0.028990264730130784,0.4032849793182209,0.5677247559516484
0.04101888278369129,0.3904435471626505,0.568537570053658
0.044828565123990215,0.39121521168275425,0.5639562231932554
0.043678230110926024,0.39513278754029524,0.5611889823487789
0.035642822463048854,0.39565258066212555,0.5687045968748257
0.021269844956296035,0.40470518475614803,0.574024970287556
0.025601805542838058,0.40714707959195373,0.5672511148652082
0.0464746143872127,0.39049181347127493,0.5630335721415125
0.019618512395977547,0.40491521690654236,0.5754662706974801
0.045032751053118346,0.39179450128431587,0.5631727476625658
0.018418486151518684,0.41186084798013617,0.5697206658683451
0.03904228075411518,0.3917997152746172,0.5691580039712677
0.042885818275315075,0.3911836090685148,0.5659305726561702
0.027736236940499398,0.40601167651618775,0.5662520865433128
0.01964158369900011,0.40678202374540323,0.5735763925555967
0.018148097182167634,0.40725315075817453,0.5745987520596578
0.018835762981378346,0.41225345459450974,0.5689107824241117
0.023769187557980215,0.40525771890983037,0.5709730935321895
0.03734956010961398,0.39252596550644475,0.5701244743839413
0.04416538339151578,0.39311256750948054,0.5627220490990036
0.021882120990241172,0.40787732478043803,0.5702405542293209
0.031000576977236075,0.39674770075805205,0.572251722264712
0.035733414510306746,0.3983653769325029,0.5659012085571902
0.02782200648451281,0.4043188262908327,0.5678591672246545
0.027203431133167397,0.39951678170012267,0.57327978716671
0.043560882313182836,0.39166837997990184,0.5647707377069152
0.02332785337707654,0.4082372499186691,0.5684348967042544
0.018188168020549348,0.4064503585818062,0.5753614733976444
0.02821983699400136,0.4025512242755597,0.5692289387304389
0.03584824961075456,0.39901452560490397,0.5651372247843414
0.037650034213951314,0.39177210560933323,0.5705778601767155
0.035206590913889925,0.39674274414625654,0.5680506649398536
0.027235274595782445,0.40574138218286127,0.5670233432213563
0.017526574479889433,0.40737984029839847,0.5750935852217121
0.0232581355180894,0.4057974296136337,0.5709444348682768
0.04278283381326282,0.39353951078734223,0.5636776553993949
0.027407211809107847,0.39971216153620703,0.5728806266546852
0.024042106816224106,0.40515412516293126,0.5708037680208446
0.03903269404709444,0.3963197622394353,0.5646475437134704
0.021629991668876636,0.4042368161670231,0.5741331921641003
0.032651299519364047,0.3983243679567513,0.5690243325238847
0.03718937680131397,0.39754802764402336,0.5652625955546629
0.016482084500664972,0.4083329785182619,0.5751849369810733
0.028421676528319204,0.4019257522425713,0.5696525712291094
0.04201034612514661,0.3932901498905809,0.5646995039842725
0.04027863736795558,0.38872408539989023,0.5709972772321542
0.034132288426803346,0.39754863959880243,0.5683190719743942
0.030626200380607843,0.4022719040453016,0.5671018955740905
0.0309337222279197,0.3961808376414725,0.5728854401306077
0.03574117074800835,0.3965333209501182,0.5677255083018734
0.04162665128617621,0.3925548595626095,0.5658184891512142
0.039123423603604254,0.3890817029886775,0.5717948734077181
0.0234517862210243,0.40733635882166647,0.5692118549573093
0.01788447369755315,0.4121453141486072,0.5699702121538396
0.03930477846777627,0.3887350051322708,0.5719602163999528
0.02794353888895275,0.40399414627026253,0.5680623148407848
0.023015648758695544,0.4071637591074868,0.5698205921338176
0.03719215601503228,0.3904948156185818,0.5723130283663859
0.02072976350187572,0.41076841319612534,0.5685018233019988
0.032832913472786746,0.39786377946483853,0.5693033070623746
0.032419506592792934,0.3948150652896249,0.5727654281175822
0.016457831428974105,0.4150026990949049,0.5685394694761211
0.03662175962881117,0.39361927646698375,0.5697589639042051
0.0377491306510209,0.3903540345539441,0.571896834795035
0.021985621889806472,0.41039713956719437,0.5676172385429992
0.015462375045455206,0.41183648908471676,0.572701135869828
0.01972562645786868,0.40711259837932207,0.5731617751628093
0.02593579390582499,0.40691633112516484,0.5671478749690101
0.02886322161563566,0.3989390715799619,0.5721977068044025
0.028788110482576602,0.39948877591262955,0.5717231136047938
0.025432127429541873,0.40728790278484145,0.5672799697856168
0.019102233107243998,0.4073448041920021,0.573552962700754
0.015252013256346758,0.4128499115112154,0.571898075232438
0.021809722335197637,0.41043091623478983,0.5677593614300127
0.036831872906339484,0.39017214500398445,0.5729959820896761
0.037060514674968785,0.39301304971624323,0.5699264356087879
0.017166104132880843,0.41449828253633875,0.5683356133307803
0.026838318546211496,0.39925221355735263,0.5739094678964358
0.03789719321976546,0.39275263829053864,0.5693501684896958
0.015204849492432957,0.4159838026741917,0.5688113478333754
0.03962435810023598,0.38660324739289703,0.573772394506867
0.016178483919159794,0.4144527136252992,0.5693688024555411
0.03986562031135847,0.39129389818983235,0.5688404814988092
0.01482538529587467,0.4108488262359757,0.5743257884681496
0.038041276356938505,0.3934108361527574,0.5685478874903042
0.025730286018078957,0.4045729919040227,0.5696967220778983
0.017675748226415117,0.40822099389731714,0.5741032578762678
0.0383865833061921,0.393287543696454,0.5683258729973539
0.03296579256391787,0.39665941792554554,0.5703747895105367
0.016609248864467206,0.40957576903853204,0.5738149820970009
0.017705814296479157,0.41452167307118964,0.5677725126323313
0.028873659684170903,0.40021391267759454,0.5709124276382346
0.037212574749536105,0.38863150390548856,0.5741559213449754
0.03999919972640466,0.39171351119358594,0.5682872890800094
0.03882103834281833,0.38935510584675537,0.5718238558104262
0.03745534413389295,0.3883867797744551,0.5741578760916519
0.03794247473776161,0.3937646481013685,0.56829287716087
0.03876572006147341,0.38885846064764545,0.5723758192908812
0.0393039611824686,0.3863912700237631,0.5743047687937682
0.03714973621664498,0.3944659539022677,0.5683843098810875
0.028303810364661928,0.399621496388826,0.572074693246512
0.01733060041265394,0.4099686712965318,0.5727007282908143
0.01615579214651317,0.4170215707712035,0.5668226370822834
0.03037871249828181,0.39720121064847314,0.5724200768532449
0.03863124900285684,0.386796486122183,0.5745722648749603
0.021822052074974597,0.41091729695810475,0.5672606509669207
0.01810865646113991,0.41065908370734605,0.5712322598315142
0.038542354290113184,0.3866004241901972,0.5748572215196897
0.021496415459155156,0.4112819505794483,0.5672216339613965
0.024019836564701507,0.40426458279218497,0.5717155806431135
0.034746380266799236,0.39049595686497757,0.5747576628682232
0.016085920576072932,0.4173593489108421,0.5665547305130851
0.03816290980104822,0.38843482298676946,0.5734022672121823
0.014906097540428888,0.4127611581175506,0.5723327443420205
0.03753967310732546,0.39273712978015024,0.5697231971125243
0.01857601482221072,0.41123391104612933,0.5701900741316599
0.028912887207260006,0.396389601541542,0.5746975112511981
0.03207036326587748,0.398593257902083,0.5693363788320395
0.014793878169156243,0.4163066318814323,0.5688994899494115
0.035575221732175435,0.3881837864720164,0.5762409917958081
0.029768357409474117,0.4007130528402424,0.5695185897502836
0.014292744733087058,0.4177786298650169,0.5679286254018961
0.027675555923548343,0.39722807962292084,0.5750963644535309
0.03862499214450706,0.3893213336630451,0.5720536741924478
0.02762353189499935,0.40273622531382663,0.569640242791174
0.0150373802618446,0.4125013729922145,0.5724612467459409
0.016852183147585253,0.41453805973801594,0.5686097571143989
0.026940690021127082,0.4042505562655826,0.5688087537132904
0.034958823384635115,0.38857077217726754,0.5764704044380974
0.03823715967303396,0.3870702535140231,0.574692586812943
0.03743997322303432,0.39179993234539934,0.5707600944315664
0.03426117038162621,0.3901516209954707,0.5755872086229031
0.031880049034555144,0.3933911436498082,0.5747288073156366
0.031274654406180165,0.39935954665522816,0.5693657989385917
0.03133298158320874,0.3950622911034053,0.573604727313386
0.0327576239106792,0.39096612526007324,0.5762762508292476
0.035869990037597894,0.3927288755397827,0.5714011344226195
0.03787201833969493,0.3882858914759066,0.5738420901843984
0.036945192658394285,0.3848532740167502,0.5782015333248556
0.032272680920110985,0.3956927953981296,0.5720345236817593
0.022776612465732326,0.4091720264237271,0.5680513611105406
0.014477893924193672,0.4143579637169998,0.5711641423588064
0.01687462185003007,0.4135568496587297,0.5695685284912404
0.03025246836900756,0.40026918700138986,0.5694783446296026
0.03762116494678916,0.3855922614011941,0.5767865736520166
0.026317596808694027,0.39922868516796556,0.5744537180233406
0.014160276658704151,0.4209641809489315,0.5648755423923644
0.02628902852544017,0.40294817463431254,0.5707627968402472
0.03697653269760672,0.38396501449248255,0.5790584528099109
0.019498158080434976,0.4118990181165168,0.5686028238030482
0.01976354710249966,0.4137399125686662,0.5664965403288342
0.03733895358581315,0.3843098531482228,0.5783511932659641
0.018299854578876187,0.41087688227234087,0.5708232631487831
0.024509305461083986,0.4075453151470346,0.5679453793918814
0.03421290857991778,0.39110368156675374,0.5746834098533286
0.013831113348103406,0.41552250297899546,0.5706463836729011
0.03711292611739909,0.38789983041106607,0.5749872434715348
0.016394208426655243,0.41843722005380474,0.56516857151954
0.032712957743828,0.3902112100280664,0.5770758322281057
0.019716626609408937,0.4089374377653108,0.5713459356252804
0.031106282398933024,0.39805542812302686,0.5708382894780402
0.0198490520546551,0.41153566444574674,0.5686152834995982
0.03234611982470224,0.3893945696907409,0.5782593104845569
0.01639853926283386,0.4161153076540874,0.5674861530830787
0.037025234805585304,0.389584725323153,0.5733900398712617
0.013783522806983488,0.4182038215838425,0.5680126556091739
0.03444670346723384,0.38663640353147766,0.5789168930012885
0.022334345623041044,0.4094451166366456,0.5682205377403133
0.020609232921228213,0.41215877027922915,0.5672319967995427
0.03622732720202832,0.38397728242308765,0.5797953903748841
0.015615398932576331,0.41536281868064007,0.5690217823867837
0.025414488272294148,0.4059538521640927,0.5686316595636132
0.0360197587942352,0.388119578239618,0.5758606629661468
0.01641851876781246,0.4126888416845904,0.5708926395475973
0.020635068141596824,0.4092845947217654,0.5700803371366377
0.03713411301028117,0.38861557465577146,0.5742503123339474
0.026240376544858737,0.4015382886394998,0.5722213348156415
0.013468024753963026,0.4172111510469873,0.5693208241990498
0.024715206376636843,0.40397785389706536,0.5713069397262976
0.03709046115376848,0.3883395077805649,0.5745700310656665
0.02958472176713876,0.39569960013714944,0.5747156780957119
0.015868517584461634,0.4137641743353608,0.5703673080801775
0.015468775313120787,0.4185778914374087,0.5659533332494705
0.02674170929694718,0.4039506790273047,0.5693076116757483
0.035613594748648614,0.3858854624777307,0.5785009427736209
0.034551132049796096,0.3846123804845204,0.5808364874656835
0.02655709393897765,0.4012005040141667,0.5722424020468556
0.018104393757584145,0.4174747535485269,0.5644208526938889
0.013759776080971337,0.42048649565978136,0.5657537282592473
0.0150343823124161,0.4153713553313474,0.5695942623562364
0.020412357382989518,0.410493807744544,0.5690938348724666
0.026536434584266667,0.40418177152627643,0.5692817938894569
0.03098135265603917,0.3937456963104646,0.5752729510334963
0.033765343970041765,0.3852935069875614,0.5809411490423968
0.03576591498347107,0.38467998001817866,0.5795541049983501
0.03685651360021745,0.3872082855798388,0.5759352008199438
0.03662270851426081,0.3856528239427402,0.5777244675429991
0.03585450569128386,0.38210762536720816,0.5820378689415079
0.035830870085387156,0.3828918197977755,0.5812773101168373
0.036497164616228546,0.3865933411870398,0.5769094941967317
0.036691877183324936,0.3865590164251295,0.5767491063915455
0.03607916559632455,0.3827438662117483,0.5811769681919271
0.035409340627843365,0.38213965773397046,0.5824510016381862
0.034587882391173524,0.38767927255616536,0.5777328450526612
0.03214773993242827,0.3945540264425354,0.5732982336250364
0.027440909817868637,0.39913053913685564,0.5734285510452758
0.021771985055807554,0.4048232395582822,0.5734047753859103
0.0168452882431832,0.4149765439423049,0.5681781678145119
0.01407551350289437,0.42408458859777093,0.5618398978993348
0.015104352230803465,0.4224426213254509,0.5624530264437456
0.020535770899101753,0.4088847910454666,0.5705794380554317
0.028654113508164332,0.39293315661482986,0.5784127298770058
0.03537760502984577,0.3849290131201614,0.5796933818499928
0.03502061340643583,0.3890807410184387,0.5758986455751256
0.02602019691077844,0.40251507656059654,0.5714647265286251
0.01574384414978082,0.41606811045846703,0.5681880453917522
0.014174941653387028,0.4185914582314273,0.5672336001151856
0.024025500226805725,0.4054514740435959,0.5705230257295985
0.0352103465375237,0.3884989414697323,0.576290711992744
0.033137166673365755,0.38916233923003796,0.5777004940965963
0.019736915045705447,0.4087749087806515,0.571488176173643
0.013563281041610345,0.4202328042204615,0.5662039147379281
0.024691283497183893,0.4045968538072374,0.5707118626955787
0.036256532202311384,0.38628998447257185,0.5774534833251167
0.02757935901738483,0.3986544246313232,0.573766216351292
0.013837060367825667,0.41951151602431674,0.5666514236078576
0.021073495849252392,0.40675360867193183,0.5721728954788158
0.03562414676569438,0.38462869865141935,0.5797471545828862
0.026798527973191034,0.4029581426718111,0.5702433293549979
0.013730577208983324,0.4242713468302698,0.5619980759607469
0.026553043799037033,0.39706862644302615,0.5763783297579368
0.03428359515902786,0.3821761996988898,0.5835402051420824
0.017464080254301167,0.4165258394422093,0.5660100803034895
0.019524244477942047,0.41588440985600544,0.5645913456660525
0.035955129436741104,0.3848824145020074,0.5791624560612515
0.02130099193390096,0.4076909312964147,0.5710080767696845
0.016230349957306902,0.41505310096974624,0.5687165490729468
0.034880623625789815,0.38248360330325937,0.5826357730709507
0.02227950402850952,0.40991615267120035,0.5678043433002901
0.01765480968128889,0.4195843302781591,0.5627608600405519
0.03565379586222594,0.3831408478793848,0.5812053562583892
0.018123451379549016,0.41227911691173474,0.5695974317087164
0.021383253299006942,0.40583706488318283,0.5727796818178101
0.03422313821656556,0.38500044643815146,0.580776415345283
0.01429579935031258,0.42573797383382156,0.5599662268158658
0.031023500246080145,0.39403759886926465,0.574938900884655
0.025569522472294298,0.40066781961196596,0.5737626579157398
0.016736590821906306,0.4147100139093608,0.5685533952687328
0.03482707085089822,0.3805304130753884,0.5846425160737133
0.014431479549862177,0.4231007616876097,0.5624677587625282
0.031735538210104546,0.3928093409839144,0.575455120805981
0.02290429918736724,0.4090466510058096,0.568049049806823
0.021467572880534715,0.408635360810124,0.5698970663093412
0.03109244394118568,0.3868905211200904,0.5820170349387239
0.014501450706106832,0.41957264768252484,0.5659259016113684
0.03531475704499552,0.38235642406276144,0.5823288188922431
0.014127249074133007,0.4264869002473175,0.5593858506785495
0.034629577938508384,0.3867515758124062,0.5786188462490854
0.016269582013849548,0.41947102351422316,0.5642593944719273
0.030581786996034692,0.38828198631900107,0.5811362266849642
0.01926441102365852,0.40992189840132565,0.5708136905750159
0.02758236584486426,0.39576255008350514,0.5766550840716306
0.022562962493901096,0.40926323282279786,0.5681738046833011
0.026278844788038228,0.4032853991883981,0.5704357560235637
0.02369054771107395,0.406571445065368,0.5697380072235582
0.025084700768247016,0.4006738992448906,0.5742413999868625
0.023023280627840884,0.402352403829664,0.574624315542495
0.025417887141178916,0.39813618596745415,0.5764459268913668
0.022199812301290475,0.4077797172588701,0.5700204704398396
0.028171099773964366,0.3985683827944546,0.5732605174315811
0.019905832569366566,0.41574842069423085,0.5643457467364026
0.031072198551725445,0.39134951310555854,0.577578288342716
0.01613022781950403,0.41809521541704336,0.5657745567634526
0.033245152357507336,0.3814710784555237,0.585283769186969
0.01368058822500107,0.42213674576467985,0.564182666010319
0.03505662784038168,0.38144424597845916,0.5834991261811591
0.01458698449017364,0.42583735784244714,0.5595756576673793
0.032993299445876735,0.38937333540704033,0.5776333651470829
0.019607495894882445,0.41499506993178176,0.5653974341733358
0.025040431875453295,0.4005821855377212,0.5743773825868256
0.02745320067593786,0.39344301030162215,0.57910378902244
0.01638191974970328,0.41626262596641833,0.5673554542838783
0.03428692311731859,0.38133163238384915,0.5843814444988323
0.014024042575337963,0.42616014548437076,0.5598158119402913
0.032694613195746715,0.38963542872716345,0.5776699580770898
0.021899344452184333,0.41150377418739065,0.566596881360425
0.02097663885896836,0.4108358702826944,0.5681874908583373
0.0325280979635812,0.3840581849621422,0.5834137170742765
0.01329066050575269,0.4226596786189137,0.5640496608753337
0.03230154243005517,0.38330580562586225,0.5843926519440827
0.021568857566881317,0.4080465264036927,0.570384616029426
0.019769552917221447,0.4148382432671541,0.5653922038156245
0.03469857777734664,0.3851412849824757,0.5801601372401776
0.014779291031282714,0.4263858141837353,0.5588348947849819
0.02846422805949044,0.3952880414059524,0.5762477305345571
0.02817544228105412,0.39333879357207313,0.5784857641468727
0.01392995331993539,0.42168165568670823,0.5643883909933565
0.033002328882940975,0.38110677264679704,0.5858908984702619
0.021801280958082595,0.40672237626693664,0.5714763427749807
0.017706439841537514,0.4183414565111678,0.5639521036472948
0.03526540912222553,0.38310082947793994,0.5816337613998347
0.018657215779245284,0.4188425764531529,0.5625002077676019
0.020758485639938463,0.41296238881056724,0.5662791255494942
0.03445261991251258,0.3813391387251182,0.5842082413623694
0.01635999874171023,0.4178195336424402,0.5658204676158496
0.021528025950226713,0.40530909751640387,0.5731628765333695
0.033634413610255855,0.37954647940335945,0.5868191069863847
0.016207898302547156,0.41914795313851555,0.5646441485589372
0.021828912176649163,0.4097511546823691,0.5684199331409817
0.03490511795861358,0.38342024331421487,0.5816746387271715
0.01807336041850076,0.42023608703934473,0.5616905525421545
0.01967069704469884,0.41567555392376476,0.5646537490315363
0.03470331113171891,0.38099015066216346,0.5843065382061176
0.020579704518186852,0.40944751342226693,0.5699727820595462
0.01580386683585593,0.41813397813560577,0.5660621550285382
0.032732001221553196,0.38076040762900104,0.5865075911494458
0.025489757251688352,0.3977919553964267,0.5767182873518849
0.013791155194963885,0.4257818428488438,0.5604270019561922
0.029046050435958874,0.39475950926194764,0.5761944403020934
0.03240001231545474,0.3887862014607423,0.578813786223803
0.015763660931829786,0.4253470051950044,0.5588893338731659
0.021006663916346667,0.41259494396837443,0.566398392115279
0.03455403378972014,0.38078510359951256,0.5846608626107672
0.022764604918784494,0.40472089175428383,0.5725145033269315
0.013841976931674473,0.42282321828549085,0.5633348047828348
0.028494969309957745,0.3897774195659545,0.5817276111240878
0.031848325689069285,0.3830848696376926,0.5850668046732382
0.016424647119098395,0.4192581413779645,0.5643172115029371
0.01811888492859533,0.4178746646908842,0.5640064503805204
0.03358083808205919,0.3853260465594882,0.5810931153584526
0.0288957370917389,0.3964939400529108,0.5746103228553503
0.014680076038034376,0.427719398047515,0.5576005259144506
0.021425338946773478,0.4112124105151189,0.5673622505381075
0.03416819497815371,0.3807952512055874,0.5850365538162589
0.025818594548167536,0.3976332396333726,0.5765481658184599
0.013512818461115409,0.42385682437591043,0.5626303571629742
0.021955436038649898,0.4043400040963609,0.5737045598649894
